{
 "cells": [
  {
   "attachments": {},
   "cell_type": "markdown",
   "metadata": {},
   "source": [
    "# Data Import"
   ]
  },
  {
   "cell_type": "code",
   "execution_count": 39,
   "metadata": {},
   "outputs": [],
   "source": [
    "import pandas as pd\n",
    "import matplotlib as mpl\n",
    "import matplotlib.pyplot as plt\n",
    "import seaborn as sns\n",
    "import numpy as np"
   ]
  },
  {
   "cell_type": "code",
   "execution_count": 40,
   "metadata": {},
   "outputs": [],
   "source": [
    "FILES_DIR = './files/'\n",
    "total = pd.read_csv(FILES_DIR + 'total.csv')"
   ]
  },
  {
   "cell_type": "code",
   "execution_count": 41,
   "metadata": {},
   "outputs": [],
   "source": [
    "total_df = total.copy()"
   ]
  },
  {
   "cell_type": "code",
   "execution_count": 42,
   "metadata": {},
   "outputs": [],
   "source": [
    "total_df.drop('Unnamed: 0', axis=1, inplace=True)"
   ]
  },
  {
   "attachments": {},
   "cell_type": "markdown",
   "metadata": {},
   "source": [
    "# DAU (Daily Active User)"
   ]
  },
  {
   "cell_type": "code",
   "execution_count": 44,
   "metadata": {},
   "outputs": [
    {
     "data": {
      "text/html": [
       "<div>\n",
       "<style scoped>\n",
       "    .dataframe tbody tr th:only-of-type {\n",
       "        vertical-align: middle;\n",
       "    }\n",
       "\n",
       "    .dataframe tbody tr th {\n",
       "        vertical-align: top;\n",
       "    }\n",
       "\n",
       "    .dataframe thead th {\n",
       "        text-align: right;\n",
       "    }\n",
       "</style>\n",
       "<table border=\"1\" class=\"dataframe\">\n",
       "  <thead>\n",
       "    <tr style=\"text-align: right;\">\n",
       "      <th>event_timestamp_day</th>\n",
       "      <th>1</th>\n",
       "      <th>2</th>\n",
       "      <th>3</th>\n",
       "      <th>4</th>\n",
       "      <th>5</th>\n",
       "      <th>6</th>\n",
       "      <th>7</th>\n",
       "      <th>8</th>\n",
       "      <th>9</th>\n",
       "      <th>10</th>\n",
       "      <th>...</th>\n",
       "      <th>22</th>\n",
       "      <th>23</th>\n",
       "      <th>24</th>\n",
       "      <th>25</th>\n",
       "      <th>26</th>\n",
       "      <th>27</th>\n",
       "      <th>28</th>\n",
       "      <th>29</th>\n",
       "      <th>30</th>\n",
       "      <th>31</th>\n",
       "    </tr>\n",
       "    <tr>\n",
       "      <th>event_timestamp_month</th>\n",
       "      <th></th>\n",
       "      <th></th>\n",
       "      <th></th>\n",
       "      <th></th>\n",
       "      <th></th>\n",
       "      <th></th>\n",
       "      <th></th>\n",
       "      <th></th>\n",
       "      <th></th>\n",
       "      <th></th>\n",
       "      <th></th>\n",
       "      <th></th>\n",
       "      <th></th>\n",
       "      <th></th>\n",
       "      <th></th>\n",
       "      <th></th>\n",
       "      <th></th>\n",
       "      <th></th>\n",
       "      <th></th>\n",
       "      <th></th>\n",
       "      <th></th>\n",
       "    </tr>\n",
       "  </thead>\n",
       "  <tbody>\n",
       "    <tr>\n",
       "      <th>6</th>\n",
       "      <td>0</td>\n",
       "      <td>0</td>\n",
       "      <td>50686</td>\n",
       "      <td>73238</td>\n",
       "      <td>84470</td>\n",
       "      <td>110907</td>\n",
       "      <td>98918</td>\n",
       "      <td>95740</td>\n",
       "      <td>101476</td>\n",
       "      <td>94515</td>\n",
       "      <td>...</td>\n",
       "      <td>88892</td>\n",
       "      <td>86734</td>\n",
       "      <td>77416</td>\n",
       "      <td>75823</td>\n",
       "      <td>81548</td>\n",
       "      <td>96207</td>\n",
       "      <td>92354</td>\n",
       "      <td>89639</td>\n",
       "      <td>96212</td>\n",
       "      <td>0</td>\n",
       "    </tr>\n",
       "    <tr>\n",
       "      <th>7</th>\n",
       "      <td>108761</td>\n",
       "      <td>90905</td>\n",
       "      <td>103425</td>\n",
       "      <td>120137</td>\n",
       "      <td>89852</td>\n",
       "      <td>98556</td>\n",
       "      <td>91215</td>\n",
       "      <td>82971</td>\n",
       "      <td>77349</td>\n",
       "      <td>97376</td>\n",
       "      <td>...</td>\n",
       "      <td>84360</td>\n",
       "      <td>76470</td>\n",
       "      <td>82524</td>\n",
       "      <td>98925</td>\n",
       "      <td>88409</td>\n",
       "      <td>86737</td>\n",
       "      <td>81791</td>\n",
       "      <td>71764</td>\n",
       "      <td>68377</td>\n",
       "      <td>78481</td>\n",
       "    </tr>\n",
       "    <tr>\n",
       "      <th>8</th>\n",
       "      <td>92934</td>\n",
       "      <td>79880</td>\n",
       "      <td>80301</td>\n",
       "      <td>34847</td>\n",
       "      <td>0</td>\n",
       "      <td>0</td>\n",
       "      <td>0</td>\n",
       "      <td>0</td>\n",
       "      <td>0</td>\n",
       "      <td>0</td>\n",
       "      <td>...</td>\n",
       "      <td>0</td>\n",
       "      <td>0</td>\n",
       "      <td>0</td>\n",
       "      <td>0</td>\n",
       "      <td>0</td>\n",
       "      <td>0</td>\n",
       "      <td>0</td>\n",
       "      <td>0</td>\n",
       "      <td>0</td>\n",
       "      <td>0</td>\n",
       "    </tr>\n",
       "  </tbody>\n",
       "</table>\n",
       "<p>3 rows × 31 columns</p>\n",
       "</div>"
      ],
      "text/plain": [
       "event_timestamp_day        1      2       3       4      5       6      7   \\\n",
       "event_timestamp_month                                                        \n",
       "6                           0      0   50686   73238  84470  110907  98918   \n",
       "7                      108761  90905  103425  120137  89852   98556  91215   \n",
       "8                       92934  79880   80301   34847      0       0      0   \n",
       "\n",
       "event_timestamp_day       8       9      10  ...     22     23     24     25  \\\n",
       "event_timestamp_month                        ...                               \n",
       "6                      95740  101476  94515  ...  88892  86734  77416  75823   \n",
       "7                      82971   77349  97376  ...  84360  76470  82524  98925   \n",
       "8                          0       0      0  ...      0      0      0      0   \n",
       "\n",
       "event_timestamp_day       26     27     28     29     30     31  \n",
       "event_timestamp_month                                            \n",
       "6                      81548  96207  92354  89639  96212      0  \n",
       "7                      88409  86737  81791  71764  68377  78481  \n",
       "8                          0      0      0      0      0      0  \n",
       "\n",
       "[3 rows x 31 columns]"
      ]
     },
     "execution_count": 44,
     "metadata": {},
     "output_type": "execute_result"
    }
   ],
   "source": [
    "table_DAU = pd.pivot_table(total_df,\n",
    "                                index='event_timestamp_month',\n",
    "                                columns='event_timestamp_day',\n",
    "                                values='user_no',\n",
    "                                fill_value=0,\n",
    "                                aggfunc=len)\n",
    "\n",
    "\n",
    "table_DAU"
   ]
  },
  {
   "cell_type": "code",
   "execution_count": 45,
   "metadata": {},
   "outputs": [
    {
     "data": {
      "text/html": [
       "<div>\n",
       "<style scoped>\n",
       "    .dataframe tbody tr th:only-of-type {\n",
       "        vertical-align: middle;\n",
       "    }\n",
       "\n",
       "    .dataframe tbody tr th {\n",
       "        vertical-align: top;\n",
       "    }\n",
       "\n",
       "    .dataframe thead th {\n",
       "        text-align: right;\n",
       "    }\n",
       "</style>\n",
       "<table border=\"1\" class=\"dataframe\">\n",
       "  <thead>\n",
       "    <tr style=\"text-align: right;\">\n",
       "      <th>event_timestamp_month</th>\n",
       "      <th>6</th>\n",
       "      <th>7</th>\n",
       "      <th>8</th>\n",
       "    </tr>\n",
       "    <tr>\n",
       "      <th>event_timestamp_day</th>\n",
       "      <th></th>\n",
       "      <th></th>\n",
       "      <th></th>\n",
       "    </tr>\n",
       "  </thead>\n",
       "  <tbody>\n",
       "    <tr>\n",
       "      <th>6</th>\n",
       "      <td>110907</td>\n",
       "      <td>98556</td>\n",
       "      <td>0</td>\n",
       "    </tr>\n",
       "    <tr>\n",
       "      <th>20</th>\n",
       "      <td>107714</td>\n",
       "      <td>87992</td>\n",
       "      <td>0</td>\n",
       "    </tr>\n",
       "    <tr>\n",
       "      <th>9</th>\n",
       "      <td>101476</td>\n",
       "      <td>77349</td>\n",
       "      <td>0</td>\n",
       "    </tr>\n",
       "    <tr>\n",
       "      <th>7</th>\n",
       "      <td>98918</td>\n",
       "      <td>91215</td>\n",
       "      <td>0</td>\n",
       "    </tr>\n",
       "    <tr>\n",
       "      <th>30</th>\n",
       "      <td>96212</td>\n",
       "      <td>68377</td>\n",
       "      <td>0</td>\n",
       "    </tr>\n",
       "    <tr>\n",
       "      <th>27</th>\n",
       "      <td>96207</td>\n",
       "      <td>86737</td>\n",
       "      <td>0</td>\n",
       "    </tr>\n",
       "    <tr>\n",
       "      <th>8</th>\n",
       "      <td>95740</td>\n",
       "      <td>82971</td>\n",
       "      <td>0</td>\n",
       "    </tr>\n",
       "    <tr>\n",
       "      <th>10</th>\n",
       "      <td>94515</td>\n",
       "      <td>97376</td>\n",
       "      <td>0</td>\n",
       "    </tr>\n",
       "    <tr>\n",
       "      <th>15</th>\n",
       "      <td>94468</td>\n",
       "      <td>91054</td>\n",
       "      <td>0</td>\n",
       "    </tr>\n",
       "    <tr>\n",
       "      <th>16</th>\n",
       "      <td>93156</td>\n",
       "      <td>91852</td>\n",
       "      <td>0</td>\n",
       "    </tr>\n",
       "    <tr>\n",
       "      <th>28</th>\n",
       "      <td>92354</td>\n",
       "      <td>81791</td>\n",
       "      <td>0</td>\n",
       "    </tr>\n",
       "    <tr>\n",
       "      <th>12</th>\n",
       "      <td>90983</td>\n",
       "      <td>94661</td>\n",
       "      <td>0</td>\n",
       "    </tr>\n",
       "    <tr>\n",
       "      <th>21</th>\n",
       "      <td>89759</td>\n",
       "      <td>89316</td>\n",
       "      <td>0</td>\n",
       "    </tr>\n",
       "    <tr>\n",
       "      <th>29</th>\n",
       "      <td>89639</td>\n",
       "      <td>71764</td>\n",
       "      <td>0</td>\n",
       "    </tr>\n",
       "    <tr>\n",
       "      <th>19</th>\n",
       "      <td>89121</td>\n",
       "      <td>89223</td>\n",
       "      <td>0</td>\n",
       "    </tr>\n",
       "    <tr>\n",
       "      <th>22</th>\n",
       "      <td>88892</td>\n",
       "      <td>84360</td>\n",
       "      <td>0</td>\n",
       "    </tr>\n",
       "    <tr>\n",
       "      <th>23</th>\n",
       "      <td>86734</td>\n",
       "      <td>76470</td>\n",
       "      <td>0</td>\n",
       "    </tr>\n",
       "    <tr>\n",
       "      <th>5</th>\n",
       "      <td>84470</td>\n",
       "      <td>89852</td>\n",
       "      <td>0</td>\n",
       "    </tr>\n",
       "    <tr>\n",
       "      <th>11</th>\n",
       "      <td>82429</td>\n",
       "      <td>125133</td>\n",
       "      <td>0</td>\n",
       "    </tr>\n",
       "    <tr>\n",
       "      <th>17</th>\n",
       "      <td>81630</td>\n",
       "      <td>99128</td>\n",
       "      <td>0</td>\n",
       "    </tr>\n",
       "    <tr>\n",
       "      <th>26</th>\n",
       "      <td>81548</td>\n",
       "      <td>88409</td>\n",
       "      <td>0</td>\n",
       "    </tr>\n",
       "    <tr>\n",
       "      <th>18</th>\n",
       "      <td>80537</td>\n",
       "      <td>114508</td>\n",
       "      <td>0</td>\n",
       "    </tr>\n",
       "    <tr>\n",
       "      <th>24</th>\n",
       "      <td>77416</td>\n",
       "      <td>82524</td>\n",
       "      <td>0</td>\n",
       "    </tr>\n",
       "    <tr>\n",
       "      <th>25</th>\n",
       "      <td>75823</td>\n",
       "      <td>98925</td>\n",
       "      <td>0</td>\n",
       "    </tr>\n",
       "    <tr>\n",
       "      <th>4</th>\n",
       "      <td>73238</td>\n",
       "      <td>120137</td>\n",
       "      <td>34847</td>\n",
       "    </tr>\n",
       "    <tr>\n",
       "      <th>14</th>\n",
       "      <td>55855</td>\n",
       "      <td>96506</td>\n",
       "      <td>0</td>\n",
       "    </tr>\n",
       "    <tr>\n",
       "      <th>3</th>\n",
       "      <td>50686</td>\n",
       "      <td>103425</td>\n",
       "      <td>80301</td>\n",
       "    </tr>\n",
       "    <tr>\n",
       "      <th>13</th>\n",
       "      <td>42626</td>\n",
       "      <td>95757</td>\n",
       "      <td>0</td>\n",
       "    </tr>\n",
       "    <tr>\n",
       "      <th>1</th>\n",
       "      <td>0</td>\n",
       "      <td>108761</td>\n",
       "      <td>92934</td>\n",
       "    </tr>\n",
       "    <tr>\n",
       "      <th>2</th>\n",
       "      <td>0</td>\n",
       "      <td>90905</td>\n",
       "      <td>79880</td>\n",
       "    </tr>\n",
       "    <tr>\n",
       "      <th>31</th>\n",
       "      <td>0</td>\n",
       "      <td>78481</td>\n",
       "      <td>0</td>\n",
       "    </tr>\n",
       "  </tbody>\n",
       "</table>\n",
       "</div>"
      ],
      "text/plain": [
       "event_timestamp_month       6       7      8\n",
       "event_timestamp_day                         \n",
       "6                      110907   98556      0\n",
       "20                     107714   87992      0\n",
       "9                      101476   77349      0\n",
       "7                       98918   91215      0\n",
       "30                      96212   68377      0\n",
       "27                      96207   86737      0\n",
       "8                       95740   82971      0\n",
       "10                      94515   97376      0\n",
       "15                      94468   91054      0\n",
       "16                      93156   91852      0\n",
       "28                      92354   81791      0\n",
       "12                      90983   94661      0\n",
       "21                      89759   89316      0\n",
       "29                      89639   71764      0\n",
       "19                      89121   89223      0\n",
       "22                      88892   84360      0\n",
       "23                      86734   76470      0\n",
       "5                       84470   89852      0\n",
       "11                      82429  125133      0\n",
       "17                      81630   99128      0\n",
       "26                      81548   88409      0\n",
       "18                      80537  114508      0\n",
       "24                      77416   82524      0\n",
       "25                      75823   98925      0\n",
       "4                       73238  120137  34847\n",
       "14                      55855   96506      0\n",
       "3                       50686  103425  80301\n",
       "13                      42626   95757      0\n",
       "1                           0  108761  92934\n",
       "2                           0   90905  79880\n",
       "31                          0   78481      0"
      ]
     },
     "execution_count": 45,
     "metadata": {},
     "output_type": "execute_result"
    }
   ],
   "source": [
    "table_DAU.T.sort_values(by=6, ascending=False)"
   ]
  },
  {
   "cell_type": "code",
   "execution_count": 46,
   "metadata": {},
   "outputs": [
    {
     "data": {
      "text/html": [
       "<div>\n",
       "<style scoped>\n",
       "    .dataframe tbody tr th:only-of-type {\n",
       "        vertical-align: middle;\n",
       "    }\n",
       "\n",
       "    .dataframe tbody tr th {\n",
       "        vertical-align: top;\n",
       "    }\n",
       "\n",
       "    .dataframe thead th {\n",
       "        text-align: right;\n",
       "    }\n",
       "</style>\n",
       "<table border=\"1\" class=\"dataframe\">\n",
       "  <thead>\n",
       "    <tr style=\"text-align: right;\">\n",
       "      <th>event_timestamp_month</th>\n",
       "      <th>6</th>\n",
       "      <th>7</th>\n",
       "      <th>8</th>\n",
       "    </tr>\n",
       "    <tr>\n",
       "      <th>event_timestamp_day</th>\n",
       "      <th></th>\n",
       "      <th></th>\n",
       "      <th></th>\n",
       "    </tr>\n",
       "  </thead>\n",
       "  <tbody>\n",
       "    <tr>\n",
       "      <th>11</th>\n",
       "      <td>82429</td>\n",
       "      <td>125133</td>\n",
       "      <td>0</td>\n",
       "    </tr>\n",
       "    <tr>\n",
       "      <th>4</th>\n",
       "      <td>73238</td>\n",
       "      <td>120137</td>\n",
       "      <td>34847</td>\n",
       "    </tr>\n",
       "    <tr>\n",
       "      <th>18</th>\n",
       "      <td>80537</td>\n",
       "      <td>114508</td>\n",
       "      <td>0</td>\n",
       "    </tr>\n",
       "    <tr>\n",
       "      <th>1</th>\n",
       "      <td>0</td>\n",
       "      <td>108761</td>\n",
       "      <td>92934</td>\n",
       "    </tr>\n",
       "    <tr>\n",
       "      <th>3</th>\n",
       "      <td>50686</td>\n",
       "      <td>103425</td>\n",
       "      <td>80301</td>\n",
       "    </tr>\n",
       "    <tr>\n",
       "      <th>17</th>\n",
       "      <td>81630</td>\n",
       "      <td>99128</td>\n",
       "      <td>0</td>\n",
       "    </tr>\n",
       "    <tr>\n",
       "      <th>25</th>\n",
       "      <td>75823</td>\n",
       "      <td>98925</td>\n",
       "      <td>0</td>\n",
       "    </tr>\n",
       "    <tr>\n",
       "      <th>6</th>\n",
       "      <td>110907</td>\n",
       "      <td>98556</td>\n",
       "      <td>0</td>\n",
       "    </tr>\n",
       "    <tr>\n",
       "      <th>10</th>\n",
       "      <td>94515</td>\n",
       "      <td>97376</td>\n",
       "      <td>0</td>\n",
       "    </tr>\n",
       "    <tr>\n",
       "      <th>14</th>\n",
       "      <td>55855</td>\n",
       "      <td>96506</td>\n",
       "      <td>0</td>\n",
       "    </tr>\n",
       "    <tr>\n",
       "      <th>13</th>\n",
       "      <td>42626</td>\n",
       "      <td>95757</td>\n",
       "      <td>0</td>\n",
       "    </tr>\n",
       "    <tr>\n",
       "      <th>12</th>\n",
       "      <td>90983</td>\n",
       "      <td>94661</td>\n",
       "      <td>0</td>\n",
       "    </tr>\n",
       "    <tr>\n",
       "      <th>16</th>\n",
       "      <td>93156</td>\n",
       "      <td>91852</td>\n",
       "      <td>0</td>\n",
       "    </tr>\n",
       "    <tr>\n",
       "      <th>7</th>\n",
       "      <td>98918</td>\n",
       "      <td>91215</td>\n",
       "      <td>0</td>\n",
       "    </tr>\n",
       "    <tr>\n",
       "      <th>15</th>\n",
       "      <td>94468</td>\n",
       "      <td>91054</td>\n",
       "      <td>0</td>\n",
       "    </tr>\n",
       "    <tr>\n",
       "      <th>2</th>\n",
       "      <td>0</td>\n",
       "      <td>90905</td>\n",
       "      <td>79880</td>\n",
       "    </tr>\n",
       "    <tr>\n",
       "      <th>5</th>\n",
       "      <td>84470</td>\n",
       "      <td>89852</td>\n",
       "      <td>0</td>\n",
       "    </tr>\n",
       "    <tr>\n",
       "      <th>21</th>\n",
       "      <td>89759</td>\n",
       "      <td>89316</td>\n",
       "      <td>0</td>\n",
       "    </tr>\n",
       "    <tr>\n",
       "      <th>19</th>\n",
       "      <td>89121</td>\n",
       "      <td>89223</td>\n",
       "      <td>0</td>\n",
       "    </tr>\n",
       "    <tr>\n",
       "      <th>26</th>\n",
       "      <td>81548</td>\n",
       "      <td>88409</td>\n",
       "      <td>0</td>\n",
       "    </tr>\n",
       "    <tr>\n",
       "      <th>20</th>\n",
       "      <td>107714</td>\n",
       "      <td>87992</td>\n",
       "      <td>0</td>\n",
       "    </tr>\n",
       "    <tr>\n",
       "      <th>27</th>\n",
       "      <td>96207</td>\n",
       "      <td>86737</td>\n",
       "      <td>0</td>\n",
       "    </tr>\n",
       "    <tr>\n",
       "      <th>22</th>\n",
       "      <td>88892</td>\n",
       "      <td>84360</td>\n",
       "      <td>0</td>\n",
       "    </tr>\n",
       "    <tr>\n",
       "      <th>8</th>\n",
       "      <td>95740</td>\n",
       "      <td>82971</td>\n",
       "      <td>0</td>\n",
       "    </tr>\n",
       "    <tr>\n",
       "      <th>24</th>\n",
       "      <td>77416</td>\n",
       "      <td>82524</td>\n",
       "      <td>0</td>\n",
       "    </tr>\n",
       "    <tr>\n",
       "      <th>28</th>\n",
       "      <td>92354</td>\n",
       "      <td>81791</td>\n",
       "      <td>0</td>\n",
       "    </tr>\n",
       "    <tr>\n",
       "      <th>31</th>\n",
       "      <td>0</td>\n",
       "      <td>78481</td>\n",
       "      <td>0</td>\n",
       "    </tr>\n",
       "    <tr>\n",
       "      <th>9</th>\n",
       "      <td>101476</td>\n",
       "      <td>77349</td>\n",
       "      <td>0</td>\n",
       "    </tr>\n",
       "    <tr>\n",
       "      <th>23</th>\n",
       "      <td>86734</td>\n",
       "      <td>76470</td>\n",
       "      <td>0</td>\n",
       "    </tr>\n",
       "    <tr>\n",
       "      <th>29</th>\n",
       "      <td>89639</td>\n",
       "      <td>71764</td>\n",
       "      <td>0</td>\n",
       "    </tr>\n",
       "    <tr>\n",
       "      <th>30</th>\n",
       "      <td>96212</td>\n",
       "      <td>68377</td>\n",
       "      <td>0</td>\n",
       "    </tr>\n",
       "  </tbody>\n",
       "</table>\n",
       "</div>"
      ],
      "text/plain": [
       "event_timestamp_month       6       7      8\n",
       "event_timestamp_day                         \n",
       "11                      82429  125133      0\n",
       "4                       73238  120137  34847\n",
       "18                      80537  114508      0\n",
       "1                           0  108761  92934\n",
       "3                       50686  103425  80301\n",
       "17                      81630   99128      0\n",
       "25                      75823   98925      0\n",
       "6                      110907   98556      0\n",
       "10                      94515   97376      0\n",
       "14                      55855   96506      0\n",
       "13                      42626   95757      0\n",
       "12                      90983   94661      0\n",
       "16                      93156   91852      0\n",
       "7                       98918   91215      0\n",
       "15                      94468   91054      0\n",
       "2                           0   90905  79880\n",
       "5                       84470   89852      0\n",
       "21                      89759   89316      0\n",
       "19                      89121   89223      0\n",
       "26                      81548   88409      0\n",
       "20                     107714   87992      0\n",
       "27                      96207   86737      0\n",
       "22                      88892   84360      0\n",
       "8                       95740   82971      0\n",
       "24                      77416   82524      0\n",
       "28                      92354   81791      0\n",
       "31                          0   78481      0\n",
       "9                      101476   77349      0\n",
       "23                      86734   76470      0\n",
       "29                      89639   71764      0\n",
       "30                      96212   68377      0"
      ]
     },
     "execution_count": 46,
     "metadata": {},
     "output_type": "execute_result"
    }
   ],
   "source": [
    "table_DAU.T.sort_values(by=7, ascending=False)"
   ]
  },
  {
   "cell_type": "code",
   "execution_count": 47,
   "metadata": {},
   "outputs": [
    {
     "data": {
      "text/html": [
       "<div>\n",
       "<style scoped>\n",
       "    .dataframe tbody tr th:only-of-type {\n",
       "        vertical-align: middle;\n",
       "    }\n",
       "\n",
       "    .dataframe tbody tr th {\n",
       "        vertical-align: top;\n",
       "    }\n",
       "\n",
       "    .dataframe thead th {\n",
       "        text-align: right;\n",
       "    }\n",
       "</style>\n",
       "<table border=\"1\" class=\"dataframe\">\n",
       "  <thead>\n",
       "    <tr style=\"text-align: right;\">\n",
       "      <th>event_timestamp_month</th>\n",
       "      <th>6</th>\n",
       "      <th>7</th>\n",
       "      <th>8</th>\n",
       "    </tr>\n",
       "    <tr>\n",
       "      <th>event_timestamp_day</th>\n",
       "      <th></th>\n",
       "      <th></th>\n",
       "      <th></th>\n",
       "    </tr>\n",
       "  </thead>\n",
       "  <tbody>\n",
       "    <tr>\n",
       "      <th>1</th>\n",
       "      <td>0</td>\n",
       "      <td>108761</td>\n",
       "      <td>92934</td>\n",
       "    </tr>\n",
       "    <tr>\n",
       "      <th>3</th>\n",
       "      <td>50686</td>\n",
       "      <td>103425</td>\n",
       "      <td>80301</td>\n",
       "    </tr>\n",
       "    <tr>\n",
       "      <th>2</th>\n",
       "      <td>0</td>\n",
       "      <td>90905</td>\n",
       "      <td>79880</td>\n",
       "    </tr>\n",
       "    <tr>\n",
       "      <th>4</th>\n",
       "      <td>73238</td>\n",
       "      <td>120137</td>\n",
       "      <td>34847</td>\n",
       "    </tr>\n",
       "    <tr>\n",
       "      <th>24</th>\n",
       "      <td>77416</td>\n",
       "      <td>82524</td>\n",
       "      <td>0</td>\n",
       "    </tr>\n",
       "    <tr>\n",
       "      <th>20</th>\n",
       "      <td>107714</td>\n",
       "      <td>87992</td>\n",
       "      <td>0</td>\n",
       "    </tr>\n",
       "    <tr>\n",
       "      <th>21</th>\n",
       "      <td>89759</td>\n",
       "      <td>89316</td>\n",
       "      <td>0</td>\n",
       "    </tr>\n",
       "    <tr>\n",
       "      <th>22</th>\n",
       "      <td>88892</td>\n",
       "      <td>84360</td>\n",
       "      <td>0</td>\n",
       "    </tr>\n",
       "    <tr>\n",
       "      <th>23</th>\n",
       "      <td>86734</td>\n",
       "      <td>76470</td>\n",
       "      <td>0</td>\n",
       "    </tr>\n",
       "    <tr>\n",
       "      <th>26</th>\n",
       "      <td>81548</td>\n",
       "      <td>88409</td>\n",
       "      <td>0</td>\n",
       "    </tr>\n",
       "    <tr>\n",
       "      <th>25</th>\n",
       "      <td>75823</td>\n",
       "      <td>98925</td>\n",
       "      <td>0</td>\n",
       "    </tr>\n",
       "    <tr>\n",
       "      <th>18</th>\n",
       "      <td>80537</td>\n",
       "      <td>114508</td>\n",
       "      <td>0</td>\n",
       "    </tr>\n",
       "    <tr>\n",
       "      <th>27</th>\n",
       "      <td>96207</td>\n",
       "      <td>86737</td>\n",
       "      <td>0</td>\n",
       "    </tr>\n",
       "    <tr>\n",
       "      <th>28</th>\n",
       "      <td>92354</td>\n",
       "      <td>81791</td>\n",
       "      <td>0</td>\n",
       "    </tr>\n",
       "    <tr>\n",
       "      <th>29</th>\n",
       "      <td>89639</td>\n",
       "      <td>71764</td>\n",
       "      <td>0</td>\n",
       "    </tr>\n",
       "    <tr>\n",
       "      <th>30</th>\n",
       "      <td>96212</td>\n",
       "      <td>68377</td>\n",
       "      <td>0</td>\n",
       "    </tr>\n",
       "    <tr>\n",
       "      <th>19</th>\n",
       "      <td>89121</td>\n",
       "      <td>89223</td>\n",
       "      <td>0</td>\n",
       "    </tr>\n",
       "    <tr>\n",
       "      <th>16</th>\n",
       "      <td>93156</td>\n",
       "      <td>91852</td>\n",
       "      <td>0</td>\n",
       "    </tr>\n",
       "    <tr>\n",
       "      <th>17</th>\n",
       "      <td>81630</td>\n",
       "      <td>99128</td>\n",
       "      <td>0</td>\n",
       "    </tr>\n",
       "    <tr>\n",
       "      <th>15</th>\n",
       "      <td>94468</td>\n",
       "      <td>91054</td>\n",
       "      <td>0</td>\n",
       "    </tr>\n",
       "    <tr>\n",
       "      <th>14</th>\n",
       "      <td>55855</td>\n",
       "      <td>96506</td>\n",
       "      <td>0</td>\n",
       "    </tr>\n",
       "    <tr>\n",
       "      <th>13</th>\n",
       "      <td>42626</td>\n",
       "      <td>95757</td>\n",
       "      <td>0</td>\n",
       "    </tr>\n",
       "    <tr>\n",
       "      <th>12</th>\n",
       "      <td>90983</td>\n",
       "      <td>94661</td>\n",
       "      <td>0</td>\n",
       "    </tr>\n",
       "    <tr>\n",
       "      <th>11</th>\n",
       "      <td>82429</td>\n",
       "      <td>125133</td>\n",
       "      <td>0</td>\n",
       "    </tr>\n",
       "    <tr>\n",
       "      <th>10</th>\n",
       "      <td>94515</td>\n",
       "      <td>97376</td>\n",
       "      <td>0</td>\n",
       "    </tr>\n",
       "    <tr>\n",
       "      <th>9</th>\n",
       "      <td>101476</td>\n",
       "      <td>77349</td>\n",
       "      <td>0</td>\n",
       "    </tr>\n",
       "    <tr>\n",
       "      <th>8</th>\n",
       "      <td>95740</td>\n",
       "      <td>82971</td>\n",
       "      <td>0</td>\n",
       "    </tr>\n",
       "    <tr>\n",
       "      <th>7</th>\n",
       "      <td>98918</td>\n",
       "      <td>91215</td>\n",
       "      <td>0</td>\n",
       "    </tr>\n",
       "    <tr>\n",
       "      <th>6</th>\n",
       "      <td>110907</td>\n",
       "      <td>98556</td>\n",
       "      <td>0</td>\n",
       "    </tr>\n",
       "    <tr>\n",
       "      <th>5</th>\n",
       "      <td>84470</td>\n",
       "      <td>89852</td>\n",
       "      <td>0</td>\n",
       "    </tr>\n",
       "    <tr>\n",
       "      <th>31</th>\n",
       "      <td>0</td>\n",
       "      <td>78481</td>\n",
       "      <td>0</td>\n",
       "    </tr>\n",
       "  </tbody>\n",
       "</table>\n",
       "</div>"
      ],
      "text/plain": [
       "event_timestamp_month       6       7      8\n",
       "event_timestamp_day                         \n",
       "1                           0  108761  92934\n",
       "3                       50686  103425  80301\n",
       "2                           0   90905  79880\n",
       "4                       73238  120137  34847\n",
       "24                      77416   82524      0\n",
       "20                     107714   87992      0\n",
       "21                      89759   89316      0\n",
       "22                      88892   84360      0\n",
       "23                      86734   76470      0\n",
       "26                      81548   88409      0\n",
       "25                      75823   98925      0\n",
       "18                      80537  114508      0\n",
       "27                      96207   86737      0\n",
       "28                      92354   81791      0\n",
       "29                      89639   71764      0\n",
       "30                      96212   68377      0\n",
       "19                      89121   89223      0\n",
       "16                      93156   91852      0\n",
       "17                      81630   99128      0\n",
       "15                      94468   91054      0\n",
       "14                      55855   96506      0\n",
       "13                      42626   95757      0\n",
       "12                      90983   94661      0\n",
       "11                      82429  125133      0\n",
       "10                      94515   97376      0\n",
       "9                      101476   77349      0\n",
       "8                       95740   82971      0\n",
       "7                       98918   91215      0\n",
       "6                      110907   98556      0\n",
       "5                       84470   89852      0\n",
       "31                          0   78481      0"
      ]
     },
     "execution_count": 47,
     "metadata": {},
     "output_type": "execute_result"
    }
   ],
   "source": [
    "table_DAU.T.sort_values(by=8, ascending=False)"
   ]
  },
  {
   "cell_type": "code",
   "execution_count": 48,
   "metadata": {},
   "outputs": [],
   "source": [
    "table_DAU['total'] = table_DAU.sum(axis='columns')"
   ]
  },
  {
   "cell_type": "code",
   "execution_count": 49,
   "metadata": {},
   "outputs": [
    {
     "data": {
      "text/html": [
       "<div>\n",
       "<style scoped>\n",
       "    .dataframe tbody tr th:only-of-type {\n",
       "        vertical-align: middle;\n",
       "    }\n",
       "\n",
       "    .dataframe tbody tr th {\n",
       "        vertical-align: top;\n",
       "    }\n",
       "\n",
       "    .dataframe thead th {\n",
       "        text-align: right;\n",
       "    }\n",
       "</style>\n",
       "<table border=\"1\" class=\"dataframe\">\n",
       "  <thead>\n",
       "    <tr style=\"text-align: right;\">\n",
       "      <th>event_timestamp_day</th>\n",
       "      <th>1</th>\n",
       "      <th>2</th>\n",
       "      <th>3</th>\n",
       "      <th>4</th>\n",
       "      <th>5</th>\n",
       "      <th>6</th>\n",
       "      <th>7</th>\n",
       "      <th>8</th>\n",
       "      <th>9</th>\n",
       "      <th>10</th>\n",
       "      <th>...</th>\n",
       "      <th>23</th>\n",
       "      <th>24</th>\n",
       "      <th>25</th>\n",
       "      <th>26</th>\n",
       "      <th>27</th>\n",
       "      <th>28</th>\n",
       "      <th>29</th>\n",
       "      <th>30</th>\n",
       "      <th>31</th>\n",
       "      <th>total</th>\n",
       "    </tr>\n",
       "    <tr>\n",
       "      <th>event_timestamp_month</th>\n",
       "      <th></th>\n",
       "      <th></th>\n",
       "      <th></th>\n",
       "      <th></th>\n",
       "      <th></th>\n",
       "      <th></th>\n",
       "      <th></th>\n",
       "      <th></th>\n",
       "      <th></th>\n",
       "      <th></th>\n",
       "      <th></th>\n",
       "      <th></th>\n",
       "      <th></th>\n",
       "      <th></th>\n",
       "      <th></th>\n",
       "      <th></th>\n",
       "      <th></th>\n",
       "      <th></th>\n",
       "      <th></th>\n",
       "      <th></th>\n",
       "      <th></th>\n",
       "    </tr>\n",
       "  </thead>\n",
       "  <tbody>\n",
       "    <tr>\n",
       "      <th>6</th>\n",
       "      <td>0</td>\n",
       "      <td>0</td>\n",
       "      <td>50686</td>\n",
       "      <td>73238</td>\n",
       "      <td>84470</td>\n",
       "      <td>110907</td>\n",
       "      <td>98918</td>\n",
       "      <td>95740</td>\n",
       "      <td>101476</td>\n",
       "      <td>94515</td>\n",
       "      <td>...</td>\n",
       "      <td>86734</td>\n",
       "      <td>77416</td>\n",
       "      <td>75823</td>\n",
       "      <td>81548</td>\n",
       "      <td>96207</td>\n",
       "      <td>92354</td>\n",
       "      <td>89639</td>\n",
       "      <td>96212</td>\n",
       "      <td>0</td>\n",
       "      <td>2403053</td>\n",
       "    </tr>\n",
       "    <tr>\n",
       "      <th>7</th>\n",
       "      <td>108761</td>\n",
       "      <td>90905</td>\n",
       "      <td>103425</td>\n",
       "      <td>120137</td>\n",
       "      <td>89852</td>\n",
       "      <td>98556</td>\n",
       "      <td>91215</td>\n",
       "      <td>82971</td>\n",
       "      <td>77349</td>\n",
       "      <td>97376</td>\n",
       "      <td>...</td>\n",
       "      <td>76470</td>\n",
       "      <td>82524</td>\n",
       "      <td>98925</td>\n",
       "      <td>88409</td>\n",
       "      <td>86737</td>\n",
       "      <td>81791</td>\n",
       "      <td>71764</td>\n",
       "      <td>68377</td>\n",
       "      <td>78481</td>\n",
       "      <td>2853515</td>\n",
       "    </tr>\n",
       "    <tr>\n",
       "      <th>8</th>\n",
       "      <td>92934</td>\n",
       "      <td>79880</td>\n",
       "      <td>80301</td>\n",
       "      <td>34847</td>\n",
       "      <td>0</td>\n",
       "      <td>0</td>\n",
       "      <td>0</td>\n",
       "      <td>0</td>\n",
       "      <td>0</td>\n",
       "      <td>0</td>\n",
       "      <td>...</td>\n",
       "      <td>0</td>\n",
       "      <td>0</td>\n",
       "      <td>0</td>\n",
       "      <td>0</td>\n",
       "      <td>0</td>\n",
       "      <td>0</td>\n",
       "      <td>0</td>\n",
       "      <td>0</td>\n",
       "      <td>0</td>\n",
       "      <td>287962</td>\n",
       "    </tr>\n",
       "  </tbody>\n",
       "</table>\n",
       "<p>3 rows × 32 columns</p>\n",
       "</div>"
      ],
      "text/plain": [
       "event_timestamp_day         1      2       3       4      5       6      7  \\\n",
       "event_timestamp_month                                                        \n",
       "6                           0      0   50686   73238  84470  110907  98918   \n",
       "7                      108761  90905  103425  120137  89852   98556  91215   \n",
       "8                       92934  79880   80301   34847      0       0      0   \n",
       "\n",
       "event_timestamp_day        8       9     10  ...     23     24     25     26  \\\n",
       "event_timestamp_month                        ...                               \n",
       "6                      95740  101476  94515  ...  86734  77416  75823  81548   \n",
       "7                      82971   77349  97376  ...  76470  82524  98925  88409   \n",
       "8                          0       0      0  ...      0      0      0      0   \n",
       "\n",
       "event_timestamp_day       27     28     29     30     31    total  \n",
       "event_timestamp_month                                              \n",
       "6                      96207  92354  89639  96212      0  2403053  \n",
       "7                      86737  81791  71764  68377  78481  2853515  \n",
       "8                          0      0      0      0      0   287962  \n",
       "\n",
       "[3 rows x 32 columns]"
      ]
     },
     "execution_count": 49,
     "metadata": {},
     "output_type": "execute_result"
    }
   ],
   "source": [
    "table_DAU"
   ]
  },
  {
   "cell_type": "code",
   "execution_count": 50,
   "metadata": {},
   "outputs": [
    {
     "data": {
      "text/html": [
       "<div>\n",
       "<style scoped>\n",
       "    .dataframe tbody tr th:only-of-type {\n",
       "        vertical-align: middle;\n",
       "    }\n",
       "\n",
       "    .dataframe tbody tr th {\n",
       "        vertical-align: top;\n",
       "    }\n",
       "\n",
       "    .dataframe thead th {\n",
       "        text-align: right;\n",
       "    }\n",
       "</style>\n",
       "<table border=\"1\" class=\"dataframe\">\n",
       "  <thead>\n",
       "    <tr style=\"text-align: right;\">\n",
       "      <th>event_timestamp_month</th>\n",
       "      <th>6</th>\n",
       "      <th>7</th>\n",
       "      <th>8</th>\n",
       "    </tr>\n",
       "    <tr>\n",
       "      <th>event_timestamp_day</th>\n",
       "      <th></th>\n",
       "      <th></th>\n",
       "      <th></th>\n",
       "    </tr>\n",
       "  </thead>\n",
       "  <tbody>\n",
       "    <tr>\n",
       "      <th>1</th>\n",
       "      <td>0</td>\n",
       "      <td>108761</td>\n",
       "      <td>92934</td>\n",
       "    </tr>\n",
       "    <tr>\n",
